0 0.741845 0.295956 0.038220 0.038220
0 0.291932 0.264865 0.036112 0.036112
0 0.599392 0.699433 0.045161 0.045161
0 0.778758 0.151056 0.042352 0.042352
0 0.041161 0.498210 0.032258 0.032258
0 0.212823 0.024270 0.038203 0.038203
0 0.440855 0.892416 0.035973 0.035973
0 0.236471 0.947606 0.039583 0.039583
0 0.196981 0.902101 0.032258 0.032258
0 0.839367 0.783450 0.033896 0.033896
0 0.290717 0.711233 0.041134 0.041134
0 0.471426 0.660746 0.042774 0.042774
0 0.917021 0.398494 0.032258 0.032258
0 0.875114 0.868065 0.038177 0.038177
0 0.176835 0.848889 0.044900 0.044900
0 0.082224 0.188381 0.032258 0.032258
0 0.674251 0.741599 0.032258 0.032258
0 0.281390 0.623701 0.033678 0.033678
0 0.548326 0.044491 0.045161 0.045161
0 0.958693 0.303432 0.038318 0.038318
0 0.722580 0.821780 0.043533 0.043533
0 0.088247 0.653750 0.044565 0.044565
0 0.293738 0.028050 0.045161 0.045161
0 0.287977 0.528754 0.035464 0.035464
0 0.523214 0.503882 0.033854 0.033854
0 0.570171 0.863500 0.044379 0.044379
0 0.060175 0.876372 0.045161 0.045161
0 0.126293 0.018902 0.043857 0.043857
0 0.890580 0.065260 0.040536 0.040536
0 0.478326 0.880266 0.032258 0.032258
0 0.305558 0.116796 0.042682 0.042682
0 0.543442 0.245440 0.033010 0.033010
0 0.271068 0.859646 0.034606 0.034606
0 0.504540 0.326507 0.033639 0.033639
0 0.373594 0.230364 0.039790 0.039790
0 0.036176 0.791903 0.043064 0.043064
0 0.006581 0.558902 0.040344 0.040344
0 0.228867 0.750786 0.037547 0.037547
0 0.197833 0.967544 0.032258 0.032258
0 0.308106 0.922085 0.045161 0.045161
0 0.878660 0.126727 0.037098 0.037098
0 0.140494 0.903136 0.040874 0.040874
0 0.406577 0.032447 0.040040 0.040040
0 0.522882 0.390772 0.033737 0.033737
0 0.136214 0.368219 0.043481 0.043481
0 0.812540 0.972546 0.043844 0.043844
0 0.069247 0.830728 0.032258 0.032258
0 0.429141 0.946970 0.044421 0.044421
0 0.730701 0.948160 0.040850 0.040850
0 0.230366 0.385432 0.036068 0.036068
0 0.485262 0.758150 0.038690 0.038690
0 0.071613 0.013821 0.033857 0.033857
0 0.859557 0.380653 0.032258 0.032258
0 0.817302 0.015532 0.045161 0.045161
0 0.127733 0.718965 0.032258 0.032258
0 0.533494 0.438239 0.044113 0.044113
0 0.249086 0.237715 0.033817 0.033817
0 0.761311 0.494591 0.040316 0.040316
0 0.258783 0.098236 0.040998 0.040998
0 0.764511 0.901566 0.042545 0.042545
0 0.240288 0.279827 0.041273 0.041273
0 0.769605 0.750313 0.045161 0.045161
0 0.651745 0.930525 0.032258 0.032258
0 0.413644 0.597557 0.033806 0.033806
0 0.551323 0.289332 0.043583 0.043583
0 0.536250 0.122571 0.035012 0.035012
0 0.882713 0.497596 0.045161 0.045161
0 0.916471 0.459375 0.035610 0.035610
0 0.365056 0.146899 0.038289 0.038289
0 0.609255 0.341173 0.038517 0.038517
0 0.061349 0.699881 0.040214 0.040214
0 0.159183 0.632977 0.033406 0.033406
